7352
4595
8699
7117
270
9747
9608
9397
1508
4111
2881
3655
9718
373
537
9169
6282
9255
2187
2466
92
9488
6353
8118
2850
247
5644
6792
4364
1839
2035
1210
5079
7760
9960
2854
6388
2097
5370
3881
2338
9252
1643
2029
2333
5708
5142
6898
7588
2835
4010
1245
9819
8777
8331
5750
8336
3716
5729
3864
1603
3196
5929
7302
5505
2645
4892
4787
2723
7871
8994
2349
6706
3203
2122
4996
8942
29
5361
164
5036
7749
4122
2428
3779
456
3612
2786
2680
1546
320
4986
5488
760
2041
6797
3474
945
6372
2643
3307
9486
6026
9026
6368
6145
950
8739
1485
7024
575
3333
8258
8201
9731
5898
7342
6998
3829
5972
5455
3340
1977
5687
3709
1614
6456
8324
9303
3000
3431
6627
7869
6310
1540
9460
6223
8431
4576
4379
4348
8515
9503
8784
2164
5724
2993
3877
8682
2991
3435
8274
9015
5365
8172
4515
1649
7040
6538
6949
7818
2094
1853
1226
5288
2774
4265
3818
7042
4706
4794
475
5153
1307
3980
1948
2889
1945
2711
9830
7893
7442
1991
3891
2250
6578
4662
8253
613
8005
7301
1405
5803
3797
753
1327
421
7363
901
9707
5741
6507
773
6615
4788
9219
5280
8814
5320
852
8840
6286
7046
8869
1453
9646
5283
9438
701
9684
5525
7919
1778
2069
5760
6034
7424
4864
1648
377
1125
3648
429
3385
4688
894
9681
3583
268
4832
6207
5753
9654
6726
386
5865
3695
70
8529
2782
632
9777
9527
702
348
4901
9382
1124
7379
5233
5738
2598
8462
8243
7858
7666
2136
3263
3520
7823
9537
5249
5435
1967
9534
4477
1374
1963
7074
3030
1083
9132
6097
2223
2098
4361
5457
9242
5493
8011
1846
968
6033
2357
1575
6999
8030
8196
6870
3542
3773
4957
538
4516
8183
4044
6730
9491
7810
2905
9993
4230
2355
7269
7324
336
7703
8631
9573
1662
1118
3279
5616
292
4916
9060
9492
36
8501
2153
7519
1186
2646
4339
924
7607
9621
7938
5636
4925
1863
8843
8904
2063
7265
9263
8763
7459
1890
471
4390
4258
4422
4922
9791
9348
139
6741
5765
9354
9647
2822
9600
9306
8001
7439
9513
8014
5512
8630
8580
4509
4132
2807
7813
1588
3081
4272
3600
6865
1869
3840
4583
6951
7304
9553
4032
2593
1904
4756
6173
1769
5190
1415
6806
7886
4304
328
5877
2191
5076
8975
643
1299
806
9402
4143
1780
9077
8204
6220
581
4487
651
2731
2487
490
7806
6241
9557
8885
5279
71
2018
2004
8831
1940
7573
3204
5855
1196
6142
2689
8832
6978
6156
9455
9235
3002
3495
5426
9698
778
1533
7527
9285
8443
2225
2388
347
2436
641
5241
2150
5128
6556
5950
9502
4395
7134
1111
1818
6510
4499
766
2056
2086
571
8874
9596
1762
4868
6816
3918
5123
6027
7620
3880
9005
3296
2293
9272
6082
2444
5100
474
2261
3184
5869
9661
9233
5912
4521
7311
8731
3752
1797
2233
7392
5716
